209 1.3468918800354004 1.0
209 0.57318115234375 0.9416666666666667
509 8.66142201423645 0.9266666666666666
209 1.3137762546539307 1.0
209 0.5574023723602295 0.8916666666666667
309 4.449548244476318 1.0
309 1.857356309890747 0.95
509 20.66945791244507 0.985
509 8.81622052192688 0.91
509 33.34510111808777 0.9829059829059829
209 1.3169746398925781 0.9875
209 0.5496416091918945 0.9583333333333334
509 109.69720411300659 0.7142857142857143
509 20.866610527038574 0.965
509 8.702627658843994 0.9133333333333333
309 4.444817066192627 0.9833333333333333
309 1.8684113025665283 0.9388888888888889
409 10.543493747711182 0.9625
409 4.439942836761475 0.85
309 4.436546325683594 1.0
309 1.8641674518585205 0.9222222222222223
409 10.679548263549805 0.996875
409 4.4266746044158936 0.9291666666666667
409 10.798226356506348 0.975
409 4.448861360549927 0.9041666666666667
