209 3.4459846019744873 0.9090909090909091
209 6.778529167175293 0.6607142857142857
509 54.28083062171936 0.9090909090909091
509 107.70856857299805 0.7071428571428572
209 3.5669398307800293 0.7818181818181819
209 6.700909614562988 0.6321428571428571
309 11.851401090621948 0.9090909090909091
309 23.322282314300537 0.6833333333333333
509 53.44582748413086 0.9090909090909091
509 107.75824761390686 0.7142857142857143
209 3.427562952041626 0.9090909090909091
209 6.982466220855713 0.7142857142857143
509 53.665114402770996 0.9090909090909091
509 108.12437725067139 0.7071428571428572
309 11.986772775650024 0.8818181818181818
309 23.59541893005371 0.7023809523809523
409 27.64280939102173 0.9
409 55.90566420555115 0.6875
309 11.61748480796814 0.8848484848484849
309 23.195467472076416 0.6738095238095239
409 27.78426432609558 0.8977272727272727
409 55.352461099624634 0.7053571428571429
409 27.869052410125732 0.8977272727272727
409 55.31938147544861 0.7053571428571429
509 25.97755265235901 0.9836829836829837
509 51.24020719528198 0.9275092936802974
